Grid 01
003020600900305001001806400008102900700000008006708200002609500800203009005010300

Grid 02
200080300060070084030500209000105408000000000402706000301007040720040060004010003

Grid 03
000000907000420180000705026100904000050000040000507009920108000034059000507000000

Grid 04
030050040008010500460000012070502080000603000040109030250000098001020600080060020

Grid 05
020810740700003100090002805009040087400208003160030200302700060005600008076051090

Grid 06
100920000524010000000000070050008102000000000402700090060000000000030945000071006

Grid 07
043080250600000000000001094900004070000608000010200003820500000000000005034090710

Grid 08
480006902002008001900370060840010200003704100001060049020085007700900600609200018

Grid 09
000900002050123400030000160908000000070000090000000205091000050007439020400007000

Grid 10
001900003900700160030005007050000009004302600200000070600100030042007006500006800

Grid 11
000125400008400000420800000030000095060902010510000060000003049000007200001298000

Grid 12
062340750100005600570000040000094800400000006005830000030000091006400007059083260

Grid 13
300000000005009000200504000020000700160000058704310600000890100000067080000005437

Grid 14
630000000000500008005674000000020000003401020000000345000007004080300902947100080

Grid 15
000020040008035000000070602031046970200000000000501203049000730000000010800004000

Grid 16
361025900080960010400000057008000471000603000259000800740000005020018060005470329

Grid 17
050807020600010090702540006070020301504000908103080070900076205060090003080103040

Grid 18
080005000000003457000070809060400903007010500408007020901020000842300000000100080

Grid 19
003502900000040000106000305900251008070408030800763001308000104000020000005104800

Grid 20
000000000009805100051907420290401065000000000140508093026709580005103600000000000

Grid 21
020030090000907000900208005004806500607000208003102900800605007000309000030020050

Grid 22
005000006070009020000500107804150000000803000000092805907006000030400010200000600

Grid 23
040000050001943600009000300600050002103000506800020007005000200002436700030000040

Grid 24
004000000000030002390700080400009001209801307600200008010008053900040000000000800

Grid 25
360020089000361000000000000803000602400603007607000108000000000000418000970030014

Grid 26
500400060
009000800
640020000
000001008
208000501
700500000
000090084
003000600
060003002

Grid 27
007256400
400000005
010030060
000508000
008060200
000107000
030070090
200000004
006312700

Grid 28
000000000
079050180
800000007
007306800
450708096
003502700
700000005
016030420
000000000

Grid 29
030000080
009000500
007509200
700105008
020090030
900402001
004207100
002000800
070000090

Grid 30
200170603
050000100
000006079
000040700
000801000
009050000
310400000
005000060
906037002

Grid 31
000000080
800701040
040020030
374000900
000030000
005000321
010060050
050802006
080000000

Grid 32
000000085
000210009
960080100
500800016
000000000
890006007
009070052
300054000
480000000

Grid 33
608070502
050608070
002000300
500090006
040302050
800050003
005000200
010704090
409060701

Grid 34
050010040
107000602
000905000
208030501
040070020
901080406
000401000
304000709
020060010

Grid 35
053000790
009753400
100000002
090080010
000907000
080030070
500000003
007641200
061000940

Grid 36
006080300
049070250
000405000
600317004
007000800
100826009
000702000
075040190
003090600

Grid 37
005080700
700204005
320000084
060105040
008000500
070803010
450000091
600508007
003010600

Grid 38
000900800
128006400
070800060
800430007
500000009
600079008
090004010
003600284
001007000

Grid 39
000080000
270000054
095000810
009806400
020403060
006905100
017000620
460000038
000090000

Grid 40
000602000
400050001
085010620
038206710
000000000
019407350
026040530
900020007
000809000

Grid 41
000900002
050123400
030000160
908000000
070000090
000000205
091000050
007439020
400007000

Grid 42
380000000
000400785
009020300
060090000
800302009
000040070
001070500
495006000
000000092

Grid 43
000158000
002060800
030000040
027030510
000000000
046080790
050000080
004070100
000325000

Grid 44
010500200
900001000
002008030
500030007
008000500
600080004
040100700
000700006
003004050

Grid 45
080000040
000469000
400000007
005904600
070608030
008502100
900000005
000781000
060000010

Grid 46
904200007
010000000
000706500
000800090
020904060
040002000
001607000
000000030
300005702

Grid 47
000700800
006000031
040002000
024070000
010030080
000060290
000800070
860000500
002006000

Grid 48
001007090
590080001
030000080
000005800
050060020
004100000
080000030
100020079
020700400

Grid 49
000003017
015009008
060000000
100007000
009000200
000500004
000000020
500600340
340200000

Grid 50
300200000
000107000
706030500
070009080
900020004
010800050
009040301
000702000
000008006