
1
15
154
1549
15497
154976
1549769
15497
1549
15
156
1564
15647
1564
156
1569
15697
1569
15
159
1594
15947
159476
1594769
15947
1594
159
1
17
174
1749
17495
174956
1749565
17495659
174956592
1749565921
174956592
1749565923
17495659231
174956592318
17495659231
1749565923
174956592
174956593
1749565931
1749565932
17495659321
174956593218
17495659321
1749565932
174956593
17495659
174956
1749569
17495695
174956952
1749569521
174956952
1749569523
17495695231
174956952318
17495695231
1749569523
174956952
174956953
1749569531
1749569532
17495695321
174956953218
17495695321
1749569532
174956953
17495695
1749569
17495
1749
17
176
1764
17645
1764
176
1769
17695
1769
17
179
1794
17945
179456
1794565
17945659
179456592
1794565921
179456592
1794565923
17945659231
179456592318
17945659231
1794565923
179456592
179456593
1794565931
1794565932
17945659321
179456593218
17945659321
1794565932
179456593
17945659
179456
1794569
17945695
179456952
1794569521
179456952
1794569523
17945695231
179456952318
17945695231
1794569523
179456952
179456953
1794569531
1794569532
17945695321
179456953218
17945695321
1794569532
179456953
17945695
1794569
17945
1794
179
1
19
194
19
196
1964
19645
196457
1964575
196457
19645
1964
19647
196475
1964755
196475
19647
1964
196
19
4
45
456
4561
45617
4561
456
4569
45691
456917
4569171
45691719
456917192
4569171923
45691719235
456917192358
4569171923587
456917192358
45691719235
4569171923
456917192
456917193
4569171932
45691719325
456917193258
4569171932587
456917193258
45691719325
4569171932
456917193
45691719
456917
4569179
45691
4569
45697
456971
4569711
45697119
456971192
4569711923
45697119235
456971192358
4569711923587
456971192358
45697119235
4569711923
456971192
456971193
4569711932
45697119325
456971193258
4569711932587
456971193258
45697119325
4569711932
456971193
45697119
456971
4569719
45697
4569
45
459
4591
45917
459176
4591761
45917619
459176192
4591761923
45917619235
459176192358
4591761923587
45917619235876
459176192358764
4591761923587641
45917619235876416
459176192358764167
4591761923587641673
45917619235876416732
459176192358764167329
4591761923587641673295
45917619235876416732951
459176192358764167329518
4591761923587641673295183
45917619235876416732951839
4591761923587641673295184
45917619235876416732951843
459176192358764167329518439
4591761923587641673295184396
45917619235876416732951843962
459176192358764167329518439627
4591761923587641673295184396279
45917619235876416732951843962
4591761923587641673295184396
4591761923587641673295184397
45917619235876416732951843972
4591761923587641673295184397
459176192358764167329518439
4591761923587641673295184
45917619235876416732951849
459176192358764167329518
45917619235876416732951
4591761923587641673295
45917619235876416732958
45917619235876416732959
459176192358764167329598
4591761923587641673295983
4591761923587641673295984
45917619235876416732959843
4591761923587641673295984
459176192358764167329598
45917619235876416732959
459176192358764167329
4591761923587641673299
45917619235876416732991
459176192358764167329918
4591761923587641673299183
4591761923587641673299184
45917619235876416732991843
4591761923587641673299184
459176192358764167329918
45917619235876416732991
4591761923587641673299
45917619235876416732995
459176192358764167329958
4591761923587641673299583
4591761923587641673299584
45917619235876416732995843
4591761923587641673299584
459176192358764167329958
45917619235876416732995
4591761923587641673299
45917619235876416732998
4591761923587641673299
4591761923587641673
45917619235876416739
459176192358764167392
4591761923587641673925
45917619235876416739251
459176192358764167392518
4591761923587641673925183
45917619235876416739251832
4591761923587641673925183
4591761923587641673925184
45917619235876416739251842
45917619235876416739251843
459176192358764167392518432
4591761923587641673925184326
45917619235876416739251843269
459176192358764167392518432697
4591761923587641673925184326979
45917619235876416739251843269
4591761923587641673925184327
45917619235876416739251843279
459176192358764167392518432
4591761923587641673925184329
45917619235876416739251843
4591761923587641673925184
459176192358764167392518
45917619235876416739251
4591761923587641673925
45917619235876416739258
45917619235876416739259
459176192358764167392598
4591761923587641673925983
45917619235876416739259832
4591761923587641673925983
4591761923587641673925984
45917619235876416739259842
45917619235876416739259843
459176192358764167392598432
4591761923587641673925984321
459176192358764167392598432
4591761923587641673925984326
4591761923587641673925984327
459176192358764167392598432
45917619235876416739259843
4591761923587641673925984
459176192358764167392598
45917619235876416739259
459176192358764167392
4591761923587641673929
45917619235876416739291
459176192358764167392918
4591761923587641673929183
45917619235876416739291832
4591761923587641673929183
4591761923587641673929184
45917619235876416739291842
45917619235876416739291843
459176192358764167392918432
4591761923587641673929184326
45917619235876416739291843265
459176192358764167392918432657
4591761923587641673929184326575
459176192358764167392918432657
45917619235876416739291843265
4591761923587641673929184326
4591761923587641673929184327
45917619235876416739291843275
4591761923587641673929184327
459176192358764167392918432
45917619235876416739291843
4591761923587641673929184
459176192358764167392918
45917619235876416739291
4591761923587641673929
45917619235876416739295
459176192358764167392958
4591761923587641673929583
45917619235876416739295832
4591761923587641673929583
4591761923587641673929584
45917619235876416739295842
45917619235876416739295843
459176192358764167392958432
4591761923587641673929584321
459176192358764167392958432
4591761923587641673929584326
4591761923587641673929584327
459176192358764167392958432
45917619235876416739295843
4591761923587641673929584
459176192358764167392958
45917619235876416739295
4591761923587641673929
45917619235876416739298
4591761923587641673929
45917619235876416739
459176192358764167
45917619235876416
459176192358764169
4591761923587641693
45917619235876416932
4591761923587641693
459176192358764169
4591761923587641
45917619235876419
459176192358764197
4591761923587641973
45917619235876419732
4591761923587641973
459176192358764197
4591761923587641976
45917619235876419762
459176192358764197623
4591761923587641976235
45917619235876419762351
459176192358764197623513
4591761923587641976235134
45917619235876419762351349
459176192358764197623513498
4591761923587641976235134986
45917619235876419762351349862
459176192358764197623513498627
4591761923587641976235134986278
45917619235876419762351349862783
459176192358764197623513498627831
4591761923587641976235134986278315
459176192358764197623513498627831
4591761923587641976235134986278319
45917619235876419762351349862783195
459176192358764197623513498627831955
4591761923587641976235134986278319556
459176192358764197623513498627831955
4591761923587641976235134986278319558
459176192358764197623513498627831955
45917619235876419762351349862783195
459176192358764197623513498627831959
4591761923587641976235134986278319596
45917619235876419762351349862783195965
459176192358764197623513498627831959658
4591761923587641976235134986278319596582
45917619235876419762351349862783195965828
459176192358764197623513498627831959658283
4591761923587641976235134986278319596582839
45917619235876419762351349862783195965828
4591761923587641976235134986278319596582
459176192358764197623513498627831959658
45917619235876419762351349862783195965
4591761923587641976235134986278319596
459176192358764197623513498627831959
4591761923587641976235134986278319598
45917619235876419762351349862783195985
4591761923587641976235134986278319598
459176192358764197623513498627831959
4591761923587641976235134986278319
45917619235876419762351349862783
459176192358764197623513498627839
4591761923587641976235134986278395
45917619235876419762351349862783951
459176192358764197623513498627839515
4591761923587641976235134986278395156
459176192358764197623513498627839515
4591761923587641976235134986278395158
459176192358764197623513498627839515
45917619235876419762351349862783951
459176192358764197623513498627839519
4591761923587641976235134986278395196
45917619235876419762351349862783951965
459176192358764197623513498627839519658
4591761923587641976235134986278395196582
45917619235876419762351349862783951965828
459176192358764197623513498627839519658283
4591761923587641976235134986278395196582839
45917619235876419762351349862783951965828391
459176192358764197623513498627839519658283915
4591761923587641976235134986278395196582839156
45917619235876419762351349862783951965828391565
459176192358764197623513498627839519658283915658
4591761923587641976235134986278395196582839156582
45917619235876419762351349862783951965828391565827
4591761923587641976235134986278395196582839156582
459176192358764197623513498627839519658283915658
45917619235876419762351349862783951965828391565
4591761923587641976235134986278395196582839156
459176192358764197623513498627839519658283915
45917619235876419762351349862783951965828391
4591761923587641976235134986278395196582839
45917619235876419762351349862783951965828
4591761923587641976235134986278395196582
459176192358764197623513498627839519658
45917619235876419762351349862783951965
4591761923587641976235134986278395196
459176192358764197623513498627839519
4591761923587641976235134986278395198
45917619235876419762351349862783951985
4591761923587641976235134986278395198
459176192358764197623513498627839519
4591761923587641976235134986278395
459176192358764197623513498627839
4591761923587641976235134986278
459176192358764197623513498627
45917619235876419762351349862
4591761923587641976235134986
4591761923587641976235134987
45917619235876419762351349872
4591761923587641976235134987
459176192358764197623513498
45917619235876419762351349
459176192358764197623513
4591761923587641976235138
45917619235876419762351389
459176192358764197623513
45917619235876419762351
459176192358764197623518
4591761923587641976235183
45917619235876419762351839
4591761923587641976235184
45917619235876419762351843
459176192358764197623518439
4591761923587641976235184396
45917619235876419762351843962
459176192358764197623518439627
45917619235876419762351843962
4591761923587641976235184396
4591761923587641976235184397
45917619235876419762351843972
4591761923587641976235184397
459176192358764197623518439
4591761923587641976235184
45917619235876419762351849
459176192358764197623518
45917619235876419762351
4591761923587641976235
45917619235876419762358
459176192358764197623583
4591761923587641976235834
45917619235876419762358349
459176192358764197623583
45917619235876419762358
4591761923587641976235
459176192358764197623
45917619235876419762
45917619235876419763
459176192358764197632
4591761923587641976325
45917619235876419763251
459176192358764197632513
4591761923587641976325134
45917619235876419763251342
459176192358764197632513428
4591761923587641976325134286
45917619235876419763251342869
459176192358764197632513428697
4591761923587641976325134286978
45917619235876419763251342869789
459176192358764197632513428697891
4591761923587641976325134286978913
45917619235876419763251342869789135
459176192358764197632513428697891355
4591761923587641976325134286978913556
459176192358764197632513428697891355
4591761923587641976325134286978913558
459176192358764197632513428697891355
45917619235876419763251342869789135
459176192358764197632513428697891359
4591761923587641976325134286978913596
45917619235876419763251342869789135965
459176192358764197632513428697891359658
4591761923587641976325134286978913596582
45917619235876419763251342869789135965828
459176192358764197632513428697891359658283
4591761923587641976325134286978913596582839
45917619235876419763251342869789135965828
4591761923587641976325134286978913596582
459176192358764197632513428697891359658
45917619235876419763251342869789135965
4591761923587641976325134286978913596
459176192358764197632513428697891359
4591761923587641976325134286978913598
45917619235876419763251342869789135985
4591761923587641976325134286978913598
459176192358764197632513428697891359
4591761923587641976325134286978913
459176192358764197632513428697891
4591761923587641976325134286978915
459176192358764197632513428697891
45917619235876419763251342869789
459176192358764197632513428697
45917619235876419763251342869
4591761923587641976325134287
45917619235876419763251342879
459176192358764197632513428
4591761923587641976325134289
459176192358764197632513429
4591761923587641976325134296
4591761923587641976325134297
459176192358764197632513429
4591761923587641976325134
45917619235876419763251349
459176192358764197632513492
4591761923587641976325134926
4591761923587641976325134927
459176192358764197632513492
45917619235876419763251349
459176192358764197632513498
4591761923587641976325134986
4591761923587641976325134987
459176192358764197632513498
45917619235876419763251349
459176192358764197632513
4591761923587641976325138
45917619235876419763251382
459176192358764197632513829
4591761923587641976325138296
4591761923587641976325138297
459176192358764197632513829
4591761923587641976325138
45917619235876419763251389
459176192358764197632513892
4591761923587641976325138926
4591761923587641976325138927
459176192358764197632513892
45917619235876419763251389
459176192358764197632513
45917619235876419763251
459176192358764197632518
4591761923587641976325184
45917619235876419763251842
459176192358764197632518429
4591761923587641976325184296
45917619235876419763251842963
459176192358764197632518429637
45917619235876419763251842963
4591761923587641976325184296
4591761923587641976325184297
45917619235876419763251842973
4591761923587641976325184297
459176192358764197632518429
4591761923587641976325184
45917619235876419763251849
459176192358764197632518492
4591761923587641976325184926
45917619235876419763251849263
459176192358764197632518492637
45917619235876419763251849263
4591761923587641976325184926
4591761923587641976325184927
45917619235876419763251849273
4591761923587641976325184927
459176192358764197632518492
45917619235876419763251849
459176192358764197632518
45917619235876419763251
4591761923587641976325
45917619235876419763258
459176192358764197632583
4591761923587641976325834
45917619235876419763258342
459176192358764197632583429
4591761923587641976325834291
459176192358764197632583429
4591761923587641976325834296
4591761923587641976325834297
459176192358764197632583429
4591761923587641976325834
45917619235876419763258349
459176192358764197632583492
4591761923587641976325834921
459176192358764197632583492
4591761923587641976325834926
4591761923587641976325834927
459176192358764197632583492
45917619235876419763258349
459176192358764197632583
45917619235876419763258
4591761923587641976325
459176192358764197632
45917619235876419763
4591761923587641976
459176192358764197
45917619235876419
459176192358764
45917619235876
4591761923587
459176192358
45917619235
4591761923
459176192
459176193
4591761932
45917619325
459176193258
4591761932587
45917619325876
459176193258764
4591761932587641
45917619325876416
459176193258764167
4591761932587641673
45917619325876416732
459176193258764167329
4591761932587641673295
45917619325876416732951
459176193258764167329518
4591761932587641673295184
45917619325876416732951843
459176193258764167329518439
4591761932587641673295184396
45917619325876416732951843962
459176193258764167329518439627
4591761932587641673295184396279
45917619325876416732951843962
4591761932587641673295184396
4591761932587641673295184397
45917619325876416732951843972
4591761932587641673295184397
459176193258764167329518439
4591761932587641673295184
45917619325876416732951849
459176193258764167329518493
4591761932587641673295184936
45917619325876416732951849362
459176193258764167329518493627
4591761932587641673295184936279
45917619325876416732951849362
4591761932587641673295184936
4591761932587641673295184937
45917619325876416732951849372
4591761932587641673295184937
459176193258764167329518493
45917619325876416732951849
459176193258764167329518
45917619325876416732951
4591761932587641673295
45917619325876416732958
45917619325876416732959
459176193258764167329598
4591761932587641673295984
45917619325876416732959843
4591761932587641673295984
459176193258764167329598
45917619325876416732959
459176193258764167329
4591761932587641673299
45917619325876416732991
459176193258764167329918
4591761932587641673299184
45917619325876416732991843
4591761932587641673299184
459176193258764167329918
45917619325876416732991
4591761932587641673299
45917619325876416732995
459176193258764167329958
4591761932587641673299584
45917619325876416732995843
4591761932587641673299584
459176193258764167329958
45917619325876416732995
4591761932587641673299
45917619325876416732998
4591761932587641673299
4591761932587641673
45917619325876416739
459176193258764167392
4591761932587641673925
45917619325876416739251
459176193258764167392518
4591761932587641673925182
45917619325876416739251823
4591761932587641673925182
459176193258764167392518
4591761932587641673925184
45917619325876416739251842
459176193258764167392518423
4591761932587641673925184236
45917619325876416739251842369
459176193258764167392518423697
4591761932587641673925184236979
45917619325876416739251842369
4591761932587641673925184237
45917619325876416739251842379
459176193258764167392518423
4591761932587641673925184239
45917619325876416739251842
45917619325876416739251843
4591761932587641673925184
459176193258764167392518
45917619325876416739251
4591761932587641673925
45917619325876416739258
45917619325876416739259
459176193258764167392598
4591761932587641673925982
45917619325876416739259823
4591761932587641673925982
459176193258764167392598
4591761932587641673925984
45917619325876416739259842
459176193258764167392598423
4591761932587641673925984231
459176193258764167392598423
4591761932587641673925984236
4591761932587641673925984237
459176193258764167392598423
45917619325876416739259842
45917619325876416739259843
4591761932587641673925984
459176193258764167392598
45917619325876416739259
459176193258764167392
4591761932587641673929
45917619325876416739291
459176193258764167392918
4591761932587641673929182
45917619325876416739291823
4591761932587641673929182
459176193258764167392918
4591761932587641673929184
45917619325876416739291842
459176193258764167392918423
4591761932587641673929184236
45917619325876416739291842365
459176193258764167392918423657
4591761932587641673929184236575
459176193258764167392918423657
45917619325876416739291842365
4591761932587641673929184236
4591761932587641673929184237
45917619325876416739291842375
4591761932587641673929184237
459176193258764167392918423
45917619325876416739291842
45917619325876416739291843
4591761932587641673929184
459176193258764167392918
45917619325876416739291
4591761932587641673929
45917619325876416739295
459176193258764167392958
4591761932587641673929582
45917619325876416739295823
4591761932587641673929582
459176193258764167392958
4591761932587641673929584
45917619325876416739295842
459176193258764167392958423
4591761932587641673929584231
459176193258764167392958423
4591761932587641673929584236
4591761932587641673929584237
459176193258764167392958423
45917619325876416739295842
45917619325876416739295843
4591761932587641673929584
459176193258764167392958
45917619325876416739295
4591761932587641673929
45917619325876416739298
4591761932587641673929
45917619325876416739
459176193258764167
45917619325876416
459176193258764169
4591761932587641693
45917619325876416932
4591761932587641693
459176193258764169
4591761932587641
45917619325876419
459176193258764197
4591761932587641973
45917619325876419732
4591761932587641973
459176193258764197
4591761932587641976
45917619325876419762
459176193258764197623
4591761932587641976235
45917619325876419762351
459176193258764197623513
4591761932587641976235134
45917619325876419762351349
459176193258764197623513498
4591761932587641976235134986
45917619325876419762351349862
459176193258764197623513498627
4591761932587641976235134986278
45917619325876419762351349862783
459176193258764197623513498627831
4591761932587641976235134986278315
459176193258764197623513498627831
4591761932587641976235134986278319
45917619325876419762351349862783195
459176193258764197623513498627831955
4591761932587641976235134986278319552
459176193258764197623513498627831955
4591761932587641976235134986278319556
459176193258764197623513498627831955
4591761932587641976235134986278319558
459176193258764197623513498627831955
45917619325876419762351349862783195
459176193258764197623513498627831959
4591761932587641976235134986278319592
45917619325876419762351349862783195925
459176193258764197623513498627831959258
45917619325876419762351349862783195925
4591761932587641976235134986278319592
459176193258764197623513498627831959
4591761932587641976235134986278319596
45917619325876419762351349862783195965
459176193258764197623513498627831959658
4591761932587641976235134986278319596582
45917619325876419762351349862783195965828
4591761932587641976235134986278319596582
459176193258764197623513498627831959658
45917619325876419762351349862783195965
4591761932587641976235134986278319596
459176193258764197623513498627831959
4591761932587641976235134986278319598
45917619325876419762351349862783195985
4591761932587641976235134986278319598
459176193258764197623513498627831959
4591761932587641976235134986278319
45917619325876419762351349862783
459176193258764197623513498627839
4591761932587641976235134986278395
45917619325876419762351349862783951
459176193258764197623513498627839515
4591761932587641976235134986278395152
459176193258764197623513498627839515
4591761932587641976235134986278395156
459176193258764197623513498627839515
4591761932587641976235134986278395158
459176193258764197623513498627839515
45917619325876419762351349862783951
459176193258764197623513498627839519
4591761932587641976235134986278395192
45917619325876419762351349862783951925
459176193258764197623513498627839519258
45917619325876419762351349862783951925
4591761932587641976235134986278395192
459176193258764197623513498627839519
4591761932587641976235134986278395196
45917619325876419762351349862783951965
459176193258764197623513498627839519658
4591761932587641976235134986278395196582
45917619325876419762351349862783951965828
4591761932587641976235134986278395196582
459176193258764197623513498627839519658
45917619325876419762351349862783951965
4591761932587641976235134986278395196
459176193258764197623513498627839519
4591761932587641976235134986278395198
45917619325876419762351349862783951985
4591761932587641976235134986278395198
459176193258764197623513498627839519
4591761932587641976235134986278395
459176193258764197623513498627839
4591761932587641976235134986278
459176193258764197623513498627
45917619325876419762351349862
4591761932587641976235134986
4591761932587641976235134987
45917619325876419762351349872
4591761932587641976235134987
459176193258764197623513498
45917619325876419762351349
459176193258764197623513
4591761932587641976235138
45917619325876419762351389
459176193258764197623513
45917619325876419762351
459176193258764197623518
4591761932587641976235184
45917619325876419762351843
459176193258764197623518439
4591761932587641976235184396
45917619325876419762351843962
459176193258764197623518439627
45917619325876419762351843962
4591761932587641976235184396
4591761932587641976235184397
45917619325876419762351843972
4591761932587641976235184397
459176193258764197623518439
4591761932587641976235184
45917619325876419762351849
459176193258764197623518493
4591761932587641976235184936
45917619325876419762351849362
459176193258764197623518493627
45917619325876419762351849362
4591761932587641976235184936
4591761932587641976235184937
45917619325876419762351849372
4591761932587641976235184937
459176193258764197623518493
45917619325876419762351849
459176193258764197623518
45917619325876419762351
4591761932587641976235
45917619325876419762358
459176193258764197623583
4591761932587641976235834
45917619325876419762358349
459176193258764197623583
45917619325876419762358
4591761932587641976235
459176193258764197623
45917619325876419762
45917619325876419763
459176193258764197632
4591761932587641976325
45917619325876419763251
459176193258764197632513
4591761932587641976325132
45917619325876419763251329
459176193258764197632513298
4591761932587641976325132986
4591761932587641976325132987
459176193258764197632513298
45917619325876419763251329
459176193258764197632513
4591761932587641976325134
45917619325876419763251342
459176193258764197632513428
4591761932587641976325134286
45917619325876419763251342869
459176193258764197632513428697
4591761932587641976325134286978
45917619325876419763251342869789
459176193258764197632513428697891
4591761932587641976325134286978913
45917619325876419763251342869789135
459176193258764197632513428697891355
4591761932587641976325134286978913552
459176193258764197632513428697891355
4591761932587641976325134286978913556
459176193258764197632513428697891355
4591761932587641976325134286978913558
459176193258764197632513428697891355
45917619325876419763251342869789135
459176193258764197632513428697891359
4591761932587641976325134286978913592
45917619325876419763251342869789135925
459176193258764197632513428697891359258
45917619325876419763251342869789135925
4591761932587641976325134286978913592
459176193258764197632513428697891359
4591761932587641976325134286978913596
45917619325876419763251342869789135965
459176193258764197632513428697891359658
4591761932587641976325134286978913596582
45917619325876419763251342869789135965828
4591761932587641976325134286978913596582
459176193258764197632513428697891359658
45917619325876419763251342869789135965
4591761932587641976325134286978913596
459176193258764197632513428697891359
4591761932587641976325134286978913598
45917619325876419763251342869789135985
4591761932587641976325134286978913598
459176193258764197632513428697891359
4591761932587641976325134286978913
459176193258764197632513428697891
4591761932587641976325134286978915
459176193258764197632513428697891
45917619325876419763251342869789
459176193258764197632513428697
45917619325876419763251342869
4591761932587641976325134287
45917619325876419763251342879
459176193258764197632513428
4591761932587641976325134289
459176193258764197632513429
4591761932587641976325134296
4591761932587641976325134297
459176193258764197632513429
4591761932587641976325134
45917619325876419763251349
459176193258764197632513498
4591761932587641976325134986
4591761932587641976325134987
459176193258764197632513498
45917619325876419763251349
459176193258764197632513
4591761932587641976325138
45917619325876419763251382
459176193258764197632513829
4591761932587641976325138296
4591761932587641976325138297
459176193258764197632513829
4591761932587641976325138
45917619325876419763251389
459176193258764197632513
45917619325876419763251
459176193258764197632518
4591761932587641976325182
45917619325876419763251829
459176193258764197632518
4591761932587641976325184
45917619325876419763251842
459176193258764197632518429
4591761932587641976325184296
45917619325876419763251842963
459176193258764197632518429637
45917619325876419763251842963
4591761932587641976325184296
4591761932587641976325184297
45917619325876419763251842973
4591761932587641976325184297
459176193258764197632518429
4591761932587641976325184
45917619325876419763251849
459176193258764197632518
45917619325876419763251
4591761932587641976325
45917619325876419763258
459176193258764197632583
4591761932587641976325832
45917619325876419763258329
459176193258764197632583
4591761932587641976325834
45917619325876419763258342
459176193258764197632583429
4591761932587641976325834291
459176193258764197632583429
4591761932587641976325834296
4591761932587641976325834297
459176193258764197632583429
4591761932587641976325834
45917619325876419763258349
459176193258764197632583
45917619325876419763258
4591761932587641976325
459176193258764197632
45917619325876419763
4591761932587641976
459176193258764197
45917619325876419
459176193258764
45917619325876
4591761932587
459176193258
45917619325
4591761932
459176193
45917619
459176
4591769
45917
4591
459
4
47
476
4761
47615
4761
476
4769
47691
476915
4769151
47691515
476915152
4769151523
476915152
476915153
4769151532
476915153
47691515
4769151
47691519
476915192
4769151923
476915192
476915193
4769151932
476915193
47691519
476915
4769155
47691559
476915592
4769155921
476915592
4769155923
476915592
476915593
4769155931
4769155932
476915593
47691559
476915
4769159
47691595
476915952
4769159521
476915952
4769159523
476915952
476915953
4769159531
4769159532
476915953
47691595
4769159
47691
4769
47695
476951
4769511
47695115
476951152
4769511523
476951152
476951153
4769511532
476951153
47695115
4769511
47695119
476951192
4769511923
476951192
476951193
4769511932
476951193
47695119
476951
4769515
47695159
476951592
4769515921
476951592
4769515923
476951592
476951593
4769515931
4769515932
476951593
47695159
476951
4769519
47695195
476951952
4769519521
476951952
4769519523
476951952
476951953
4769519531
4769519532
476951953
47695195
4769519
47695
4769
47
479
4791
47915
479156
4791561
47915615
479156152
4791561523
479156152
479156153
4791561532
479156153
47915615
4791561
47915619
479156192
4791561923
479156192
479156193
4791561932
479156193
47915619
479156
4791565
47915659
479156592
4791565923
47915659231
479156592311
4791565923118
47915659231186
479156592311864
4791565923118647
47915659231186476
479156592311864767
4791565923118647673
47915659231186476732
479156592311864767329
4791565923118647673298
47915659231186476732981
479156592311864767329815
4791565923118647673298153
47915659231186476732981539
4791565923118647673298154
47915659231186476732981543
479156592311864767329815439
4791565923118647673298154396
47915659231186476732981543962
479156592311864767329815439627
4791565923118647673298154396279
47915659231186476732981543962
4791565923118647673298154396
4791565923118647673298154397
47915659231186476732981543972
4791565923118647673298154397
479156592311864767329815439
4791565923118647673298154
47915659231186476732981549
479156592311864767329815
47915659231186476732981
4791565923118647673298
47915659231186476732985
4791565923118647673298
47915659231186476732989
479156592311864767329895
4791565923118647673298953
4791565923118647673298954
47915659231186476732989543
4791565923118647673298954
479156592311864767329895
47915659231186476732989
4791565923118647673299
47915659231186476732991
479156592311864767329915
4791565923118647673299153
4791565923118647673299154
47915659231186476732991543
479156592311864767329915438
4791565923118647673299154386
47915659231186476732991543862
479156592311864767329915438627
4791565923118647673299154386278
47915659231186476732991543862789
479156592311864767329915438627895
4791565923118647673299154386278951
479156592311864767329915438627895
4791565923118647673299154386278953
47915659231186476732991543862789531
479156592311864767329915438627895315
4791565923118647673299154386278953156
479156592311864767329915438627895315
4791565923118647673299154386278953158
479156592311864767329915438627895315
47915659231186476732991543862789531
479156592311864767329915438627895319
4791565923118647673299154386278953196
47915659231186476732991543862789531965
479156592311864767329915438627895319658
4791565923118647673299154386278953196582
479156592311864767329915438627895319658
47915659231186476732991543862789531965
4791565923118647673299154386278953196
479156592311864767329915438627895319
4791565923118647673299154386278953198
47915659231186476732991543862789531985
4791565923118647673299154386278953198
479156592311864767329915438627895319
4791565923118647673299154386278953
479156592311864767329915438627895
47915659231186476732991543862789
479156592311864767329915438627
47915659231186476732991543862
4791565923118647673299154386
4791565923118647673299154387
47915659231186476732991543872
4791565923118647673299154387
479156592311864767329915438
47915659231186476732991543
4791565923118647673299154
479156592311864767329915
4791565923118647673299158
47915659231186476732991583
4791565923118647673299158
479156592311864767329915
47915659231186476732991
4791565923118647673299
47915659231186476732995
4791565923118647673299
47915659231186476732998
479156592311864767329985
4791565923118647673299853
4791565923118647673299854
47915659231186476732998543
4791565923118647673299854
479156592311864767329985
47915659231186476732998
4791565923118647673299
4791565923118647673
47915659231186476739
479156592311864767392
4791565923118647673928
47915659231186476739281
479156592311864767392815
4791565923118647673928153
47915659231186476739281532
4791565923118647673928153
4791565923118647673928154
47915659231186476739281542
47915659231186476739281543
479156592311864767392815432
4791565923118647673928154326
47915659231186476739281543269
479156592311864767392815432697
4791565923118647673928154326979
47915659231186476739281543269
4791565923118647673928154327
47915659231186476739281543279
479156592311864767392815432
4791565923118647673928154329
47915659231186476739281543
4791565923118647673928154
479156592311864767392815
47915659231186476739281
4791565923118647673928
47915659231186476739285
4791565923118647673928
47915659231186476739289
479156592311864767392895
4791565923118647673928953
47915659231186476739289532
4791565923118647673928953
4791565923118647673928954
47915659231186476739289542
47915659231186476739289543
479156592311864767392895432
4791565923118647673928954326
47915659231186476739289543261
479156592311864767392895432617
4791565923118647673928954326171
479156592311864767392895432617
47915659231186476739289543261
4791565923118647673928954326
4791565923118647673928954327
47915659231186476739289543271
4791565923118647673928954327
479156592311864767392895432
47915659231186476739289543
4791565923118647673928954
479156592311864767392895
47915659231186476739289
4791565923118647673929
47915659231186476739291
479156592311864767392915
4791565923118647673929153
47915659231186476739291532
479156592311864767392915328
4791565923118647673929153286
4791565923118647673929153287
479156592311864767392915328
47915659231186476739291532
4791565923118647673929153
4791565923118647673929154
47915659231186476739291542
479156592311864767392915428
4791565923118647673929154286
47915659231186476739291542863
479156592311864767392915428637
4791565923118647673929154286378
47915659231186476739291542863783
479156592311864767392915428637835
4791565923118647673929154286378351
479156592311864767392915428637835
4791565923118647673929154286378359
47915659231186476739291542863783591
479156592311864767392915428637835915
4791565923118647673929154286378359156
479156592311864767392915428637835915
4791565923118647673929154286378359158
479156592311864767392915428637835915
47915659231186476739291542863783591
479156592311864767392915428637835919
4791565923118647673929154286378359196
47915659231186476739291542863783591965
479156592311864767392915428637835919658
4791565923118647673929154286378359196582
479156592311864767392915428637835919658
47915659231186476739291542863783591965
4791565923118647673929154286378359196
479156592311864767392915428637835919
4791565923118647673929154286378359198
47915659231186476739291542863783591985
4791565923118647673929154286378359198
479156592311864767392915428637835919
4791565923118647673929154286378359
47915659231186476739291542863783
479156592311864767392915428637839
4791565923118647673929154286378391
47915659231186476739291542863783915
479156592311864767392915428637839155
4791565923118647673929154286378391556
479156592311864767392915428637839155
4791565923118647673929154286378391558
479156592311864767392915428637839155
47915659231186476739291542863783915
479156592311864767392915428637839159
4791565923118647673929154286378391596
47915659231186476739291542863783915965
479156592311864767392915428637839159658
4791565923118647673929154286378391596582
479156592311864767392915428637839159658
47915659231186476739291542863783915965
4791565923118647673929154286378391596
479156592311864767392915428637839159
4791565923118647673929154286378391598
47915659231186476739291542863783915985
4791565923118647673929154286378391598
479156592311864767392915428637839159
4791565923118647673929154286378391
479156592311864767392915428637839
4791565923118647673929154286378
479156592311864767392915428637
47915659231186476739291542863
4791565923118647673929154286
4791565923118647673929154287
47915659231186476739291542873
4791565923118647673929154287
479156592311864767392915428
47915659231186476739291542
47915659231186476739291543
479156592311864767392915432
4791565923118647673929154326
4791565923118647673929154327
479156592311864767392915432
47915659231186476739291543
479156592311864767392915438
4791565923118647673929154386
4791565923118647673929154387
479156592311864767392915438
47915659231186476739291543
4791565923118647673929154
479156592311864767392915
4791565923118647673929158
47915659231186476739291582
47915659231186476739291583
479156592311864767392915832
4791565923118647673929158326
4791565923118647673929158327
479156592311864767392915832
47915659231186476739291583
4791565923118647673929158
479156592311864767392915
47915659231186476739291
4791565923118647673929
47915659231186476739295
4791565923118647673929
47915659231186476739298
479156592311864767392985
4791565923118647673929853
47915659231186476739298532
4791565923118647673929853
4791565923118647673929854
47915659231186476739298542
47915659231186476739298543
479156592311864767392985432
4791565923118647673929854326
47915659231186476739298543261
479156592311864767392985432617
4791565923118647673929854326171
479156592311864767392985432617
47915659231186476739298543261
4791565923118647673929854326
4791565923118647673929854327
47915659231186476739298543271
4791565923118647673929854327
479156592311864767392985432
47915659231186476739298543
4791565923118647673929854
479156592311864767392985
47915659231186476739298
4791565923118647673929
47915659231186476739
479156592311864767
47915659231186476
479156592311864769
4791565923118647693
47915659231186476932
4791565923118647693
479156592311864769
4791565923118647
47915659231186479
479156592311864797
4791565923118647973
47915659231186479732
4791565923118647973
479156592311864797
4791565923118647976
47915659231186479762
479156592311864797623
4791565923118647976238
47915659231186479762381
479156592311864797623813
4791565923118647976238134
47915659231186479762381349
479156592311864797623813
47915659231186479762381
479156592311864797623815
4791565923118647976238153
47915659231186479762381539
4791565923118647976238154
47915659231186479762381543
479156592311864797623815439
4791565923118647976238154396
47915659231186479762381543962
479156592311864797623815439627
47915659231186479762381543962
4791565923118647976238154396
4791565923118647976238154397
47915659231186479762381543972
4791565923118647976238154397
479156592311864797623815439
4791565923118647976238154
47915659231186479762381549
479156592311864797623815
47915659231186479762381
4791565923118647976238
47915659231186479762385
479156592311864797623853
4791565923118647976238534
47915659231186479762385349
479156592311864797623853
47915659231186479762385
4791565923118647976238
479156592311864797623
47915659231186479762
47915659231186479763
479156592311864797632
4791565923118647976328
47915659231186479763281
479156592311864797632813
4791565923118647976328134
47915659231186479763281342
479156592311864797632813429
4791565923118647976328134295
4791565923118647976328134296
4791565923118647976328134297
479156592311864797632813429
4791565923118647976328134
47915659231186479763281349
479156592311864797632813492
4791565923118647976328134925
4791565923118647976328134926
4791565923118647976328134927
479156592311864797632813492
47915659231186479763281349
479156592311864797632813
47915659231186479763281
479156592311864797632815
4791565923118647976328154
47915659231186479763281542
479156592311864797632815429
4791565923118647976328154296
47915659231186479763281542963
479156592311864797632815429637
47915659231186479763281542963
4791565923118647976328154296
4791565923118647976328154297
47915659231186479763281542973
4791565923118647976328154297
479156592311864797632815429
4791565923118647976328154
47915659231186479763281549
479156592311864797632815492
4791565923118647976328154926
47915659231186479763281549263
479156592311864797632815492637
47915659231186479763281549263
4791565923118647976328154926
4791565923118647976328154927
47915659231186479763281549273
4791565923118647976328154927
479156592311864797632815492
47915659231186479763281549
479156592311864797632815
47915659231186479763281
4791565923118647976328
47915659231186479763285
479156592311864797632853
4791565923118647976328534
47915659231186479763285342
479156592311864797632853429
4791565923118647976328534296
47915659231186479763285342961
479156592311864797632853429617
4791565923118647976328534296171
479156592311864797632853429617
47915659231186479763285342961
4791565923118647976328534296
4791565923118647976328534297
47915659231186479763285342971
4791565923118647976328534297
479156592311864797632853429
4791565923118647976328534
47915659231186479763285349
479156592311864797632853492
4791565923118647976328534926
47915659231186479763285349261
479156592311864797632853492617
4791565923118647976328534926171
479156592311864797632853492617
47915659231186479763285349261
4791565923118647976328534926
4791565923118647976328534927
47915659231186479763285349271
4791565923118647976328534927
479156592311864797632853492
47915659231186479763285349
479156592311864797632853
47915659231186479763285
4791565923118647976328
479156592311864797632
47915659231186479763
4791565923118647976
479156592311864797
47915659231186479
479156592311864
47915659231186
4791565923118
479156592311
47915659231
479156592318
47915659231
4791565923
479156592
479156593
4791565932
47915659321
479156593211
4791565932118
47915659321186
479156593211864
4791565932118647
47915659321186476
479156593211864767
4791565932118647673
47915659321186476732
479156593211864767329
4791565932118647673298
47915659321186476732981
479156593211864767329815
4791565932118647673298154
47915659321186476732981543
479156593211864767329815439
4791565932118647673298154396
47915659321186476732981543962
479156593211864767329815439627
4791565932118647673298154396279
47915659321186476732981543962
4791565932118647673298154396
4791565932118647673298154397
47915659321186476732981543972
4791565932118647673298154397
479156593211864767329815439
4791565932118647673298154
47915659321186476732981549
479156593211864767329815493
4791565932118647673298154936
47915659321186476732981549362
479156593211864767329815493627
4791565932118647673298154936279
47915659321186476732981549362
4791565932118647673298154936
4791565932118647673298154937
47915659321186476732981549372
4791565932118647673298154937
479156593211864767329815493
47915659321186476732981549
479156593211864767329815
47915659321186476732981
4791565932118647673298
47915659321186476732985
4791565932118647673298
47915659321186476732989
479156593211864767329895
4791565932118647673298954
47915659321186476732989543
4791565932118647673298954
479156593211864767329895
47915659321186476732989
4791565932118647673299
47915659321186476732991
479156593211864767329915
4791565932118647673299154
47915659321186476732991543
479156593211864767329915438
4791565932118647673299154386
47915659321186476732991543862
479156593211864767329915438627
4791565932118647673299154386278
47915659321186476732991543862789
479156593211864767329915438627895
4791565932118647673299154386278951
479156593211864767329915438627895
4791565932118647673299154386278953
47915659321186476732991543862789531
479156593211864767329915438627895315
4791565932118647673299154386278953152
479156593211864767329915438627895315
4791565932118647673299154386278953156
479156593211864767329915438627895315
4791565932118647673299154386278953158
479156593211864767329915438627895315
47915659321186476732991543862789531
479156593211864767329915438627895319
4791565932118647673299154386278953192
47915659321186476732991543862789531925
479156593211864767329915438627895319258
47915659321186476732991543862789531925
4791565932118647673299154386278953192
479156593211864767329915438627895319
4791565932118647673299154386278953196
47915659321186476732991543862789531965
479156593211864767329915438627895319658
4791565932118647673299154386278953196582
479156593211864767329915438627895319658
47915659321186476732991543862789531965
4791565932118647673299154386278953196
479156593211864767329915438627895319
4791565932118647673299154386278953198
47915659321186476732991543862789531985
4791565932118647673299154386278953198
479156593211864767329915438627895319
4791565932118647673299154386278953
479156593211864767329915438627895
47915659321186476732991543862789
479156593211864767329915438627
47915659321186476732991543862
4791565932118647673299154386
4791565932118647673299154387
47915659321186476732991543872
4791565932118647673299154387
479156593211864767329915438
47915659321186476732991543
4791565932118647673299154
479156593211864767329915
4791565932118647673299158
47915659321186476732991583
4791565932118647673299158
479156593211864767329915
47915659321186476732991
4791565932118647673299
47915659321186476732995
4791565932118647673299
47915659321186476732998
479156593211864767329985
4791565932118647673299854
47915659321186476732998543
4791565932118647673299854
479156593211864767329985
47915659321186476732998
4791565932118647673299
4791565932118647673
47915659321186476739
479156593211864767392
4791565932118647673928
47915659321186476739281
479156593211864767392815
4791565932118647673928152
47915659321186476739281523
4791565932118647673928152
479156593211864767392815
4791565932118647673928154
47915659321186476739281542
479156593211864767392815423
4791565932118647673928154236
47915659321186476739281542369
479156593211864767392815423697
4791565932118647673928154236979
47915659321186476739281542369
4791565932118647673928154237
47915659321186476739281542379
479156593211864767392815423
4791565932118647673928154239
47915659321186476739281542
47915659321186476739281543
4791565932118647673928154
479156593211864767392815
47915659321186476739281
4791565932118647673928
47915659321186476739285
4791565932118647673928
47915659321186476739289
479156593211864767392895
4791565932118647673928952
47915659321186476739289523
4791565932118647673928952
479156593211864767392895
4791565932118647673928954
47915659321186476739289542
479156593211864767392895423
4791565932118647673928954236
47915659321186476739289542361
479156593211864767392895423617
4791565932118647673928954236171
479156593211864767392895423617
47915659321186476739289542361
4791565932118647673928954236
4791565932118647673928954237
47915659321186476739289542371
4791565932118647673928954237
479156593211864767392895423
47915659321186476739289542
47915659321186476739289543
4791565932118647673928954
479156593211864767392895
47915659321186476739289
4791565932118647673929
47915659321186476739291
479156593211864767392915
4791565932118647673929152
47915659321186476739291523
479156593211864767392915238
4791565932118647673929152386
4791565932118647673929152387
479156593211864767392915238
47915659321186476739291523
4791565932118647673929152
479156593211864767392915
4791565932118647673929154
47915659321186476739291542
479156593211864767392915423
4791565932118647673929154236
4791565932118647673929154237
479156593211864767392915423
47915659321186476739291542
479156593211864767392915428
4791565932118647673929154286
47915659321186476739291542863
479156593211864767392915428637
4791565932118647673929154286378
47915659321186476739291542863783
479156593211864767392915428637835
4791565932118647673929154286378351
479156593211864767392915428637835
4791565932118647673929154286378359
47915659321186476739291542863783591
479156593211864767392915428637835915
4791565932118647673929154286378359152
479156593211864767392915428637835915
4791565932118647673929154286378359156
479156593211864767392915428637835915
4791565932118647673929154286378359158
479156593211864767392915428637835915
47915659321186476739291542863783591
479156593211864767392915428637835919
4791565932118647673929154286378359192
47915659321186476739291542863783591925
479156593211864767392915428637835919258
47915659321186476739291542863783591925
4791565932118647673929154286378359192
479156593211864767392915428637835919
4791565932118647673929154286378359196
47915659321186476739291542863783591965
479156593211864767392915428637835919658
4791565932118647673929154286378359196582
479156593211864767392915428637835919658
47915659321186476739291542863783591965
4791565932118647673929154286378359196
479156593211864767392915428637835919
4791565932118647673929154286378359198
47915659321186476739291542863783591985
4791565932118647673929154286378359198
479156593211864767392915428637835919
4791565932118647673929154286378359
47915659321186476739291542863783
479156593211864767392915428637839
4791565932118647673929154286378391
47915659321186476739291542863783915
479156593211864767392915428637839155
4791565932118647673929154286378391552
479156593211864767392915428637839155
4791565932118647673929154286378391556
479156593211864767392915428637839155
4791565932118647673929154286378391558
479156593211864767392915428637839155
47915659321186476739291542863783915
479156593211864767392915428637839159
4791565932118647673929154286378391592
47915659321186476739291542863783915925
479156593211864767392915428637839159258
47915659321186476739291542863783915925
4791565932118647673929154286378391592
479156593211864767392915428637839159
4791565932118647673929154286378391596
47915659321186476739291542863783915965
479156593211864767392915428637839159658
4791565932118647673929154286378391596582
479156593211864767392915428637839159658
47915659321186476739291542863783915965
4791565932118647673929154286378391596
479156593211864767392915428637839159
4791565932118647673929154286378391598
47915659321186476739291542863783915985
4791565932118647673929154286378391598
479156593211864767392915428637839159
4791565932118647673929154286378391
479156593211864767392915428637839
4791565932118647673929154286378
479156593211864767392915428637
47915659321186476739291542863
4791565932118647673929154286
4791565932118647673929154287
47915659321186476739291542873
4791565932118647673929154287
479156593211864767392915428
47915659321186476739291542
47915659321186476739291543
479156593211864767392915438
4791565932118647673929154386
4791565932118647673929154387
479156593211864767392915438
47915659321186476739291543
4791565932118647673929154
479156593211864767392915
4791565932118647673929158
47915659321186476739291582
479156593211864767392915823
4791565932118647673929158236
4791565932118647673929158237
479156593211864767392915823
47915659321186476739291582
47915659321186476739291583
4791565932118647673929158
479156593211864767392915
47915659321186476739291
4791565932118647673929
47915659321186476739295
4791565932118647673929
47915659321186476739298
479156593211864767392985
4791565932118647673929852
47915659321186476739298523
4791565932118647673929852
479156593211864767392985
4791565932118647673929854
47915659321186476739298542
479156593211864767392985423
4791565932118647673929854236
47915659321186476739298542361
479156593211864767392985423617
4791565932118647673929854236171
479156593211864767392985423617
47915659321186476739298542361
4791565932118647673929854236
4791565932118647673929854237
47915659321186476739298542371
4791565932118647673929854237
479156593211864767392985423
47915659321186476739298542
47915659321186476739298543
4791565932118647673929854
479156593211864767392985
47915659321186476739298
4791565932118647673929
47915659321186476739
479156593211864767
47915659321186476
479156593211864769
4791565932118647693
47915659321186476932
4791565932118647693
479156593211864769
4791565932118647
47915659321186479
479156593211864797
4791565932118647973
47915659321186479732
4791565932118647973
479156593211864797
4791565932118647976
47915659321186479762
479156593211864797623
4791565932118647976238
47915659321186479762381
479156593211864797623813
4791565932118647976238134
47915659321186479762381349
479156593211864797623813
47915659321186479762381
479156593211864797623815
4791565932118647976238154
47915659321186479762381543
479156593211864797623815439
4791565932118647976238154396
47915659321186479762381543962
479156593211864797623815439627
47915659321186479762381543962
4791565932118647976238154396
4791565932118647976238154397
47915659321186479762381543972
4791565932118647976238154397
479156593211864797623815439
4791565932118647976238154
47915659321186479762381549
479156593211864797623815493
4791565932118647976238154936
47915659321186479762381549362
479156593211864797623815493627
47915659321186479762381549362
4791565932118647976238154936
4791565932118647976238154937
47915659321186479762381549372
4791565932118647976238154937
479156593211864797623815493
47915659321186479762381549
479156593211864797623815
47915659321186479762381
4791565932118647976238
47915659321186479762385
479156593211864797623853
4791565932118647976238534
47915659321186479762385349
479156593211864797623853
47915659321186479762385
4791565932118647976238
479156593211864797623
47915659321186479762
47915659321186479763
479156593211864797632
4791565932118647976328
47915659321186479763281
479156593211864797632813
4791565932118647976328132
47915659321186479763281329
479156593211864797632813
4791565932118647976328134
47915659321186479763281342
479156593211864797632813429
4791565932118647976328134295
4791565932118647976328134296
4791565932118647976328134297
479156593211864797632813429
4791565932118647976328134
47915659321186479763281349
479156593211864797632813
47915659321186479763281
479156593211864797632815
4791565932118647976328152
47915659321186479763281529
479156593211864797632815
4791565932118647976328154
47915659321186479763281542
479156593211864797632815429
4791565932118647976328154296
47915659321186479763281542963
479156593211864797632815429637
47915659321186479763281542963
4791565932118647976328154296
4791565932118647976328154297
47915659321186479763281542973
4791565932118647976328154297
479156593211864797632815429
4791565932118647976328154
47915659321186479763281549
479156593211864797632815
47915659321186479763281
4791565932118647976328
47915659321186479763285
479156593211864797632853
4791565932118647976328532
47915659321186479763285329
479156593211864797632853
4791565932118647976328534
47915659321186479763285342
479156593211864797632853429
4791565932118647976328534296
47915659321186479763285342961
479156593211864797632853429617
4791565932118647976328534296171
479156593211864797632853429617
47915659321186479763285342961
4791565932118647976328534296
4791565932118647976328534297
47915659321186479763285342971
4791565932118647976328534297
479156593211864797632853429
4791565932118647976328534
47915659321186479763285349
479156593211864797632853
47915659321186479763285
4791565932118647976328
479156593211864797632
47915659321186479763
4791565932118647976
479156593211864797
47915659321186479
479156593211864
47915659321186
4791565932118
479156593211
47915659321
479156593218
47915659321
4791565932
479156593
47915659
479156
4791569
47915695
479156952
4791569523
47915695231
479156952311
4791569523118
47915695231186
479156952311864
4791569523118647
47915695231186476
479156952311864767
4791569523118647673
47915695231186476732
479156952311864767329
4791569523118647673295
47915695231186476732951
479156952311864767329519
4791569523118647673295193
4791569523118647673295194
47915695231186476732951943
479156952311864767329519438
4791569523118647673295194386
47915695231186476732951943862
479156952311864767329519438627
4791569523118647673295194386278
47915695231186476732951943862789
479156952311864767329519438627895
4791569523118647673295194386278951
479156952311864767329519438627895
4791569523118647673295194386278953
47915695231186476732951943862789531
479156952311864767329519438627895315
4791569523118647673295194386278953156
479156952311864767329519438627895315
4791569523118647673295194386278953158
479156952311864767329519438627895315
47915695231186476732951943862789531
479156952311864767329519438627895319
4791569523118647673295194386278953196
47915695231186476732951943862789531965
479156952311864767329519438627895319658
4791569523118647673295194386278953196582
479156952311864767329519438627895319658
47915695231186476732951943862789531965
4791569523118647673295194386278953196
479156952311864767329519438627895319
4791569523118647673295194386278953198
47915695231186476732951943862789531985
4791569523118647673295194386278953198
479156952311864767329519438627895319
4791569523118647673295194386278953
479156952311864767329519438627895
47915695231186476732951943862789
479156952311864767329519438627
47915695231186476732951943862
4791569523118647673295194386
4791569523118647673295194387
47915695231186476732951943872
4791569523118647673295194387
479156952311864767329519438
47915695231186476732951943
4791569523118647673295194
479156952311864767329519
4791569523118647673295198
47915695231186476732951983
4791569523118647673295198
479156952311864767329519
4791569523118647673295
47915695231186476732958
479156952311864767329589
4791569523118647673295893
4791569523118647673295894
47915695231186476732958943
4791569523118647673295894
479156952311864767329589
47915695231186476732959
479156952311864767329
4791569523118647673298
47915695231186476732981
479156952311864767329819
4791569523118647673298193
4791569523118647673298194
47915695231186476732981943
4791569523118647673298194
479156952311864767329819
4791569523118647673298
47915695231186476732985
479156952311864767329859
4791569523118647673298593
4791569523118647673298594
47915695231186476732985943
4791569523118647673298594
479156952311864767329859
4791569523118647673298
47915695231186476732989
479156952311864767329
4791569523118647673
47915695231186476739
479156952311864767392
4791569523118647673925
47915695231186476739251
479156952311864767392519
4791569523118647673925193
47915695231186476739251932
479156952311864767392519328
4791569523118647673925193286
4791569523118647673925193287
479156952311864767392519328
47915695231186476739251932
4791569523118647673925193
4791569523118647673925194
47915695231186476739251942
479156952311864767392519428
4791569523118647673925194286
47915695231186476739251942863
479156952311864767392519428637
4791569523118647673925194286378
47915695231186476739251942863783
479156952311864767392519428637835
4791569523118647673925194286378351
479156952311864767392519428637835
4791569523118647673925194286378359
47915695231186476739251942863783591
479156952311864767392519428637835915
4791569523118647673925194286378359156
479156952311864767392519428637835915
4791569523118647673925194286378359158
479156952311864767392519428637835915
47915695231186476739251942863783591
479156952311864767392519428637835919
4791569523118647673925194286378359196
47915695231186476739251942863783591965
479156952311864767392519428637835919658
4791569523118647673925194286378359196582
479156952311864767392519428637835919658
47915695231186476739251942863783591965
4791569523118647673925194286378359196
479156952311864767392519428637835919
4791569523118647673925194286378359198
47915695231186476739251942863783591985
4791569523118647673925194286378359198
479156952311864767392519428637835919
4791569523118647673925194286378359
47915695231186476739251942863783
479156952311864767392519428637839
4791569523118647673925194286378391
47915695231186476739251942863783915
479156952311864767392519428637839155
4791569523118647673925194286378391556
479156952311864767392519428637839155
4791569523118647673925194286378391558
479156952311864767392519428637839155
47915695231186476739251942863783915
479156952311864767392519428637839159
4791569523118647673925194286378391596
47915695231186476739251942863783915965
479156952311864767392519428637839159658
4791569523118647673925194286378391596582
479156952311864767392519428637839159658
47915695231186476739251942863783915965
4791569523118647673925194286378391596
479156952311864767392519428637839159
4791569523118647673925194286378391598
47915695231186476739251942863783915985
4791569523118647673925194286378391598
479156952311864767392519428637839159
4791569523118647673925194286378391
479156952311864767392519428637839
4791569523118647673925194286378
479156952311864767392519428637
47915695231186476739251942863
4791569523118647673925194286
4791569523118647673925194287
47915695231186476739251942873
4791569523118647673925194287
479156952311864767392519428
47915695231186476739251942
47915695231186476739251943
479156952311864767392519432
4791569523118647673925194326
4791569523118647673925194327
479156952311864767392519432
47915695231186476739251943
479156952311864767392519438
4791569523118647673925194386
4791569523118647673925194387
479156952311864767392519438
47915695231186476739251943
4791569523118647673925194
479156952311864767392519
4791569523118647673925198
47915695231186476739251982
47915695231186476739251983
479156952311864767392519832
4791569523118647673925198326
4791569523118647673925198327
479156952311864767392519832
47915695231186476739251983
4791569523118647673925198
479156952311864767392519
4791569523118647673925
47915695231186476739258
479156952311864767392589
4791569523118647673925893
47915695231186476739258932
4791569523118647673925893
4791569523118647673925894
47915695231186476739258942
47915695231186476739258943
479156952311864767392589432
4791569523118647673925894326
47915695231186476739258943261
479156952311864767392589432617
4791569523118647673925894326171
479156952311864767392589432617
47915695231186476739258943261
4791569523118647673925894326
4791569523118647673925894327
47915695231186476739258943271
4791569523118647673925894327
479156952311864767392589432
47915695231186476739258943
4791569523118647673925894
479156952311864767392589
47915695231186476739259
479156952311864767392
4791569523118647673928
47915695231186476739281
479156952311864767392819
4791569523118647673928193
47915695231186476739281932
4791569523118647673928193
4791569523118647673928194
47915695231186476739281942
47915695231186476739281943
479156952311864767392819432
4791569523118647673928194325
4791569523118647673928194326
4791569523118647673928194327
479156952311864767392819432
47915695231186476739281943
4791569523118647673928194
479156952311864767392819
4791569523118647673928
47915695231186476739285
479156952311864767392859
4791569523118647673928593
47915695231186476739285932
4791569523118647673928593
4791569523118647673928594
47915695231186476739285942
47915695231186476739285943
479156952311864767392859432
4791569523118647673928594326
47915695231186476739285943261
479156952311864767392859432617
4791569523118647673928594326171
479156952311864767392859432617
47915695231186476739285943261
4791569523118647673928594326
4791569523118647673928594327
47915695231186476739285943271
4791569523118647673928594327
479156952311864767392859432
47915695231186476739285943
4791569523118647673928594
479156952311864767392859
4791569523118647673928
47915695231186476739289
479156952311864767392
47915695231186476739
479156952311864767
4791569523118647679
47915695231186476792
479156952311864767923
4791569523118647679235
47915695231186476792351
479156952311864767923513
4791569523118647679235134
47915695231186476792351349
479156952311864767923513498
4791569523118647679235134986
47915695231186476792351349862
479156952311864767923513498627
4791569523118647679235134986278
47915695231186476792351349862783
479156952311864767923513498627835
4791569523118647679235134986278351
479156952311864767923513498627835
4791569523118647679235134986278359
47915695231186476792351349862783591
479156952311864767923513498627835915
4791569523118647679235134986278359156
479156952311864767923513498627835915
4791569523118647679235134986278359158
479156952311864767923513498627835915
47915695231186476792351349862783591
479156952311864767923513498627835919
4791569523118647679235134986278359196
47915695231186476792351349862783591965
479156952311864767923513498627835919658
4791569523118647679235134986278359196582
479156952311864767923513498627835919658
47915695231186476792351349862783591965
4791569523118647679235134986278359196
479156952311864767923513498627835919
4791569523118647679235134986278359198
47915695231186476792351349862783591985
4791569523118647679235134986278359198
479156952311864767923513498627835919
4791569523118647679235134986278359
47915695231186476792351349862783
479156952311864767923513498627839
4791569523118647679235134986278391
47915695231186476792351349862783915
479156952311864767923513498627839155
4791569523118647679235134986278391556
479156952311864767923513498627839155
4791569523118647679235134986278391558
479156952311864767923513498627839155
47915695231186476792351349862783915
479156952311864767923513498627839159
4791569523118647679235134986278391596
47915695231186476792351349862783915965
479156952311864767923513498627839159658
4791569523118647679235134986278391596582
479156952311864767923513498627839159658
47915695231186476792351349862783915965
4791569523118647679235134986278391596
479156952311864767923513498627839159
4791569523118647679235134986278391598
47915695231186476792351349862783915985
4791569523118647679235134986278391598
479156952311864767923513498627839159
4791569523118647679235134986278391
479156952311864767923513498627839
4791569523118647679235134986278
479156952311864767923513498627
47915695231186476792351349862
4791569523118647679235134986
4791569523118647679235134987
47915695231186476792351349872
4791569523118647679235134987
479156952311864767923513498
47915695231186476792351349
479156952311864767923513
4791569523118647679235138
47915695231186476792351389
479156952311864767923513
47915695231186476792351
4791569523118647679235
47915695231186476792358
479156952311864767923583
4791569523118647679235834
47915695231186476792358349
479156952311864767923583
47915695231186476792358
4791569523118647679235
479156952311864767923
4791569523118647679238
47915695231186476792381
479156952311864767923813
4791569523118647679238134
47915695231186476792381349
479156952311864767923813
47915695231186476792381
4791569523118647679238
47915695231186476792385
479156952311864767923853
4791569523118647679238534
47915695231186476792385349
479156952311864767923853
47915695231186476792385
4791569523118647679238
479156952311864767923
47915695231186476792
47915695231186476793
479156952311864767932
4791569523118647679325
47915695231186476793251
479156952311864767932513
4791569523118647679325134
47915695231186476793251342
479156952311864767932513428
4791569523118647679325134286
47915695231186476793251342869
479156952311864767932513428697
4791569523118647679325134286978
47915695231186476793251342869789
479156952311864767932513428697895
4791569523118647679325134286978951
479156952311864767932513428697895
4791569523118647679325134286978953
47915695231186476793251342869789531
479156952311864767932513428697895315
4791569523118647679325134286978953156
479156952311864767932513428697895315
4791569523118647679325134286978953158
479156952311864767932513428697895315
47915695231186476793251342869789531
479156952311864767932513428697895319
4791569523118647679325134286978953196
47915695231186476793251342869789531965
479156952311864767932513428697895319658
4791569523118647679325134286978953196582
479156952311864767932513428697895319658
47915695231186476793251342869789531965
4791569523118647679325134286978953196
479156952311864767932513428697895319
4791569523118647679325134286978953198
47915695231186476793251342869789531985
4791569523118647679325134286978953198
479156952311864767932513428697895319
4791569523118647679325134286978953
479156952311864767932513428697895
47915695231186476793251342869789
479156952311864767932513428697
47915695231186476793251342869
4791569523118647679325134287
47915695231186476793251342879
479156952311864767932513428
4791569523118647679325134289
479156952311864767932513429
4791569523118647679325134296
4791569523118647679325134297
479156952311864767932513429
4791569523118647679325134
47915695231186476793251349
479156952311864767932513492
4791569523118647679325134926
4791569523118647679325134927
479156952311864767932513492
47915695231186476793251349
479156952311864767932513498
4791569523118647679325134986
4791569523118647679325134987
479156952311864767932513498
47915695231186476793251349
479156952311864767932513
4791569523118647679325138
47915695231186476793251382
479156952311864767932513829
4791569523118647679325138296
4791569523118647679325138297
479156952311864767932513829
4791569523118647679325138
47915695231186476793251389
479156952311864767932513892
4791569523118647679325138926
4791569523118647679325138927
479156952311864767932513892
47915695231186476793251389
479156952311864767932513
47915695231186476793251
4791569523118647679325
47915695231186476793258
479156952311864767932583
4791569523118647679325834
47915695231186476793258342
479156952311864767932583429
4791569523118647679325834296
47915695231186476793258342961
479156952311864767932583429617
4791569523118647679325834296171
479156952311864767932583429617
47915695231186476793258342961
4791569523118647679325834296
4791569523118647679325834297
47915695231186476793258342971
4791569523118647679325834297
479156952311864767932583429
4791569523118647679325834
47915695231186476793258349
479156952311864767932583492
4791569523118647679325834926
47915695231186476793258349261
479156952311864767932583492617
4791569523118647679325834926171
479156952311864767932583492617
47915695231186476793258349261
4791569523118647679325834926
4791569523118647679325834927
47915695231186476793258349271
4791569523118647679325834927
479156952311864767932583492
47915695231186476793258349
479156952311864767932583
47915695231186476793258
4791569523118647679325
479156952311864767932
4791569523118647679328
47915695231186476793281
479156952311864767932813
4791569523118647679328134
47915695231186476793281342
479156952311864767932813429
4791569523118647679328134295
4791569523118647679328134296
4791569523118647679328134297
479156952311864767932813429
4791569523118647679328134
47915695231186476793281349
479156952311864767932813492
4791569523118647679328134925
4791569523118647679328134926
4791569523118647679328134927
479156952311864767932813492
47915695231186476793281349
479156952311864767932813
47915695231186476793281
4791569523118647679328
47915695231186476793285
479156952311864767932853
4791569523118647679328534
47915695231186476793285342
479156952311864767932853429
4791569523118647679328534296
47915695231186476793285342961
479156952311864767932853429617
4791569523118647679328534296171
479156952311864767932853429617
47915695231186476793285342961
4791569523118647679328534296
4791569523118647679328534297
47915695231186476793285342971
4791569523118647679328534297
479156952311864767932853429
4791569523118647679328534
47915695231186476793285349
479156952311864767932853492
4791569523118647679328534926
47915695231186476793285349261
479156952311864767932853492617
4791569523118647679328534926171
479156952311864767932853492617
47915695231186476793285349261
4791569523118647679328534926
4791569523118647679328534927
47915695231186476793285349271
4791569523118647679328534927
479156952311864767932853492
47915695231186476793285349
479156952311864767932853
47915695231186476793285
4791569523118647679328
479156952311864767932
47915695231186476793
4791569523118647679
47915695231186476
479156952311864769
4791569523118647693
47915695231186476932
4791569523118647693
479156952311864769
4791569523118647
479156952311864
47915695231186
4791569523118
479156952311
47915695231
479156952318
47915695231
4791569523
479156952
479156953
4791569532
47915695321
479156953211
4791569532118
47915695321186
479156953211864
4791569532118647
47915695321186476
479156953211864767
4791569532118647673
47915695321186476732
479156953211864767329
4791569532118647673295
47915695321186476732951
479156953211864767329519
4791569532118647673295194
47915695321186476732951943
479156953211864767329519438
4791569532118647673295194386
47915695321186476732951943862
479156953211864767329519438627
4791569532118647673295194386278
47915695321186476732951943862789
479156953211864767329519438627895
4791569532118647673295194386278951
479156953211864767329519438627895
4791569532118647673295194386278953
47915695321186476732951943862789531
479156953211864767329519438627895315
4791569532118647673295194386278953152
479156953211864767329519438627895315
4791569532118647673295194386278953156
479156953211864767329519438627895315
4791569532118647673295194386278953158
479156953211864767329519438627895315
47915695321186476732951943862789531
479156953211864767329519438627895319
4791569532118647673295194386278953192
47915695321186476732951943862789531925
479156953211864767329519438627895319258
47915695321186476732951943862789531925
4791569532118647673295194386278953192
479156953211864767329519438627895319
4791569532118647673295194386278953196
47915695321186476732951943862789531965
479156953211864767329519438627895319658
4791569532118647673295194386278953196582
479156953211864767329519438627895319658
47915695321186476732951943862789531965
4791569532118647673295194386278953196
479156953211864767329519438627895319
4791569532118647673295194386278953198
47915695321186476732951943862789531985
4791569532118647673295194386278953198
479156953211864767329519438627895319
4791569532118647673295194386278953
479156953211864767329519438627895
47915695321186476732951943862789
479156953211864767329519438627
47915695321186476732951943862
4791569532118647673295194386
4791569532118647673295194387
47915695321186476732951943872
4791569532118647673295194387
479156953211864767329519438
47915695321186476732951943
4791569532118647673295194
479156953211864767329519
4791569532118647673295198
47915695321186476732951983
4791569532118647673295198
479156953211864767329519
4791569532118647673295
47915695321186476732958
479156953211864767329589
4791569532118647673295894
47915695321186476732958943
4791569532118647673295894
479156953211864767329589
47915695321186476732959
479156953211864767329
4791569532118647673298
47915695321186476732981
479156953211864767329819
4791569532118647673298194
47915695321186476732981943
4791569532118647673298194
479156953211864767329819
4791569532118647673298
47915695321186476732985
479156953211864767329859
4791569532118647673298594
47915695321186476732985943
4791569532118647673298594
479156953211864767329859
4791569532118647673298
47915695321186476732989
479156953211864767329
4791569532118647673
47915695321186476739
479156953211864767392
4791569532118647673925
47915695321186476739251
479156953211864767392519
4791569532118647673925192
47915695321186476739251923
479156953211864767392519238
4791569532118647673925192386
4791569532118647673925192387
479156953211864767392519238
47915695321186476739251923
4791569532118647673925192
479156953211864767392519
4791569532118647673925194
47915695321186476739251942
479156953211864767392519423
4791569532118647673925194236
4791569532118647673925194237
479156953211864767392519423
47915695321186476739251942
479156953211864767392519428
4791569532118647673925194286
47915695321186476739251942863
479156953211864767392519428637
4791569532118647673925194286378
47915695321186476739251942863783
479156953211864767392519428637835
4791569532118647673925194286378351
479156953211864767392519428637835
4791569532118647673925194286378359
47915695321186476739251942863783591
479156953211864767392519428637835915
4791569532118647673925194286378359152
479156953211864767392519428637835915
4791569532118647673925194286378359156
479156953211864767392519428637835915
4791569532118647673925194286378359158
479156953211864767392519428637835915
47915695321186476739251942863783591
479156953211864767392519428637835919
4791569532118647673925194286378359192
47915695321186476739251942863783591925
479156953211864767392519428637835919258
47915695321186476739251942863783591925
4791569532118647673925194286378359192
479156953211864767392519428637835919
4791569532118647673925194286378359196
47915695321186476739251942863783591965
479156953211864767392519428637835919658
4791569532118647673925194286378359196582
479156953211864767392519428637835919658
47915695321186476739251942863783591965
4791569532118647673925194286378359196
479156953211864767392519428637835919
4791569532118647673925194286378359198
47915695321186476739251942863783591985
4791569532118647673925194286378359198
479156953211864767392519428637835919
4791569532118647673925194286378359
47915695321186476739251942863783
479156953211864767392519428637839
4791569532118647673925194286378391
47915695321186476739251942863783915
479156953211864767392519428637839155
4791569532118647673925194286378391552
479156953211864767392519428637839155
4791569532118647673925194286378391556
479156953211864767392519428637839155
4791569532118647673925194286378391558
479156953211864767392519428637839155
47915695321186476739251942863783915
479156953211864767392519428637839159
4791569532118647673925194286378391592
47915695321186476739251942863783915925
479156953211864767392519428637839159258
47915695321186476739251942863783915925
4791569532118647673925194286378391592
479156953211864767392519428637839159
4791569532118647673925194286378391596
47915695321186476739251942863783915965
479156953211864767392519428637839159658
4791569532118647673925194286378391596582
479156953211864767392519428637839159658
47915695321186476739251942863783915965
4791569532118647673925194286378391596
479156953211864767392519428637839159
4791569532118647673925194286378391598
47915695321186476739251942863783915985
4791569532118647673925194286378391598
479156953211864767392519428637839159
4791569532118647673925194286378391
479156953211864767392519428637839
4791569532118647673925194286378
479156953211864767392519428637
47915695321186476739251942863
4791569532118647673925194286
4791569532118647673925194287
47915695321186476739251942873
4791569532118647673925194287
479156953211864767392519428
47915695321186476739251942
47915695321186476739251943
479156953211864767392519438
4791569532118647673925194386
4791569532118647673925194387
479156953211864767392519438
47915695321186476739251943
4791569532118647673925194
479156953211864767392519
4791569532118647673925198
47915695321186476739251982
479156953211864767392519823
4791569532118647673925198236
4791569532118647673925198237
479156953211864767392519823
47915695321186476739251982
47915695321186476739251983
4791569532118647673925198
479156953211864767392519
4791569532118647673925
47915695321186476739258
479156953211864767392589
4791569532118647673925892
47915695321186476739258923
4791569532118647673925892
479156953211864767392589
4791569532118647673925894
47915695321186476739258942
479156953211864767392589423
4791569532118647673925894236
47915695321186476739258942361
479156953211864767392589423617
4791569532118647673925894236171
479156953211864767392589423617
47915695321186476739258942361
4791569532118647673925894236
4791569532118647673925894237
47915695321186476739258942371
4791569532118647673925894237
479156953211864767392589423
47915695321186476739258942
47915695321186476739258943
4791569532118647673925894
479156953211864767392589
47915695321186476739259
479156953211864767392
4791569532118647673928
47915695321186476739281
479156953211864767392819
4791569532118647673928192
47915695321186476739281923
4791569532118647673928192
479156953211864767392819
4791569532118647673928194
47915695321186476739281942
479156953211864767392819423
4791569532118647673928194235
4791569532118647673928194236
4791569532118647673928194237
479156953211864767392819423
47915695321186476739281942
47915695321186476739281943
4791569532118647673928194
479156953211864767392819
4791569532118647673928
47915695321186476739285
479156953211864767392859
4791569532118647673928592
47915695321186476739285923
4791569532118647673928592
479156953211864767392859
4791569532118647673928594
47915695321186476739285942
479156953211864767392859423
4791569532118647673928594236
47915695321186476739285942361
479156953211864767392859423617
4791569532118647673928594236171
479156953211864767392859423617
47915695321186476739285942361
4791569532118647673928594236
4791569532118647673928594237
47915695321186476739285942371
4791569532118647673928594237
479156953211864767392859423
47915695321186476739285942
47915695321186476739285943
4791569532118647673928594
479156953211864767392859
4791569532118647673928
47915695321186476739289
479156953211864767392
47915695321186476739
479156953211864767
4791569532118647679
47915695321186476792
479156953211864767923
4791569532118647679235
47915695321186476792351
479156953211864767923513
4791569532118647679235134
47915695321186476792351349
479156953211864767923513498
4791569532118647679235134986
47915695321186476792351349862
479156953211864767923513498627
4791569532118647679235134986278
47915695321186476792351349862783
479156953211864767923513498627835
4791569532118647679235134986278351
479156953211864767923513498627835
4791569532118647679235134986278359
47915695321186476792351349862783591
479156953211864767923513498627835915
4791569532118647679235134986278359152
479156953211864767923513498627835915
4791569532118647679235134986278359156
479156953211864767923513498627835915
4791569532118647679235134986278359158
479156953211864767923513498627835915
47915695321186476792351349862783591
479156953211864767923513498627835919
4791569532118647679235134986278359192
47915695321186476792351349862783591925
479156953211864767923513498627835919258
47915695321186476792351349862783591925
4791569532118647679235134986278359192
479156953211864767923513498627835919
4791569532118647679235134986278359196
47915695321186476792351349862783591965
479156953211864767923513498627835919658
4791569532118647679235134986278359196582
479156953211864767923513498627835919658
47915695321186476792351349862783591965
4791569532118647679235134986278359196
479156953211864767923513498627835919
4791569532118647679235134986278359198
47915695321186476792351349862783591985
4791569532118647679235134986278359198
479156953211864767923513498627835919
4791569532118647679235134986278359
47915695321186476792351349862783
479156953211864767923513498627839
4791569532118647679235134986278391
47915695321186476792351349862783915
479156953211864767923513498627839155
4791569532118647679235134986278391552
479156953211864767923513498627839155
4791569532118647679235134986278391556
479156953211864767923513498627839155
4791569532118647679235134986278391558
479156953211864767923513498627839155
47915695321186476792351349862783915
479156953211864767923513498627839159
4791569532118647679235134986278391592
47915695321186476792351349862783915925
479156953211864767923513498627839159258
47915695321186476792351349862783915925
4791569532118647679235134986278391592
479156953211864767923513498627839159
4791569532118647679235134986278391596
47915695321186476792351349862783915965
479156953211864767923513498627839159658
4791569532118647679235134986278391596582
479156953211864767923513498627839159658
47915695321186476792351349862783915965
4791569532118647679235134986278391596
479156953211864767923513498627839159
4791569532118647679235134986278391598
47915695321186476792351349862783915985
4791569532118647679235134986278391598
479156953211864767923513498627839159
4791569532118647679235134986278391
479156953211864767923513498627839
4791569532118647679235134986278
479156953211864767923513498627
47915695321186476792351349862
4791569532118647679235134986
4791569532118647679235134987
47915695321186476792351349872
4791569532118647679235134987
479156953211864767923513498
47915695321186476792351349
479156953211864767923513
4791569532118647679235138
47915695321186476792351389
479156953211864767923513
47915695321186476792351
4791569532118647679235
47915695321186476792358
479156953211864767923583
4791569532118647679235834
47915695321186476792358349
479156953211864767923583
47915695321186476792358
4791569532118647679235
479156953211864767923
4791569532118647679238
47915695321186476792381
479156953211864767923813
4791569532118647679238134
47915695321186476792381349
479156953211864767923813
47915695321186476792381
4791569532118647679238
47915695321186476792385
479156953211864767923853
4791569532118647679238534
47915695321186476792385349
479156953211864767923853
47915695321186476792385
4791569532118647679238
479156953211864767923
47915695321186476792
47915695321186476793
479156953211864767932
4791569532118647679325
47915695321186476793251
479156953211864767932513
4791569532118647679325132
47915695321186476793251329
479156953211864767932513298
4791569532118647679325132986
4791569532118647679325132987
479156953211864767932513298
47915695321186476793251329
479156953211864767932513
4791569532118647679325134
47915695321186476793251342
479156953211864767932513428
4791569532118647679325134286
47915695321186476793251342869
479156953211864767932513428697
4791569532118647679325134286978
47915695321186476793251342869789
479156953211864767932513428697895
4791569532118647679325134286978951
479156953211864767932513428697895
4791569532118647679325134286978953
47915695321186476793251342869789531
479156953211864767932513428697895315
4791569532118647679325134286978953152
479156953211864767932513428697895315
4791569532118647679325134286978953156
479156953211864767932513428697895315
4791569532118647679325134286978953158
479156953211864767932513428697895315
47915695321186476793251342869789531
479156953211864767932513428697895319
4791569532118647679325134286978953192
47915695321186476793251342869789531925
479156953211864767932513428697895319258
47915695321186476793251342869789531925
4791569532118647679325134286978953192
479156953211864767932513428697895319
4791569532118647679325134286978953196
47915695321186476793251342869789531965
479156953211864767932513428697895319658
4791569532118647679325134286978953196582
479156953211864767932513428697895319658
47915695321186476793251342869789531965
4791569532118647679325134286978953196
479156953211864767932513428697895319
4791569532118647679325134286978953198
47915695321186476793251342869789531985
4791569532118647679325134286978953198
479156953211864767932513428697895319
4791569532118647679325134286978953
479156953211864767932513428697895
47915695321186476793251342869789
479156953211864767932513428697
47915695321186476793251342869
4791569532118647679325134287
47915695321186476793251342879
479156953211864767932513428
4791569532118647679325134289
479156953211864767932513429
4791569532118647679325134296
4791569532118647679325134297
479156953211864767932513429
4791569532118647679325134
47915695321186476793251349
479156953211864767932513498
4791569532118647679325134986
4791569532118647679325134987
479156953211864767932513498
47915695321186476793251349
479156953211864767932513
4791569532118647679325138
47915695321186476793251382
479156953211864767932513829
4791569532118647679325138296
4791569532118647679325138297
479156953211864767932513829
4791569532118647679325138
47915695321186476793251389
479156953211864767932513
47915695321186476793251
4791569532118647679325
47915695321186476793258
479156953211864767932583
4791569532118647679325832
47915695321186476793258329
479156953211864767932583
4791569532118647679325834
47915695321186476793258342
479156953211864767932583429
4791569532118647679325834296
47915695321186476793258342961
479156953211864767932583429617
4791569532118647679325834296171
479156953211864767932583429617
47915695321186476793258342961
4791569532118647679325834296
4791569532118647679325834297
47915695321186476793258342971
4791569532118647679325834297
479156953211864767932583429
4791569532118647679325834
47915695321186476793258349
479156953211864767932583
47915695321186476793258
4791569532118647679325
479156953211864767932
4791569532118647679328
47915695321186476793281
479156953211864767932813
4791569532118647679328132
47915695321186476793281329
479156953211864767932813
4791569532118647679328134
47915695321186476793281342
479156953211864767932813429
4791569532118647679328134295
4791569532118647679328134296
4791569532118647679328134297
479156953211864767932813429
4791569532118647679328134
47915695321186476793281349
479156953211864767932813
47915695321186476793281
4791569532118647679328
47915695321186476793285
479156953211864767932853
4791569532118647679328532
47915695321186476793285329
479156953211864767932853
4791569532118647679328534
47915695321186476793285342
479156953211864767932853429
4791569532118647679328534296
47915695321186476793285342961
479156953211864767932853429617
4791569532118647679328534296171
479156953211864767932853429617
47915695321186476793285342961
4791569532118647679328534296
4791569532118647679328534297
47915695321186476793285342971
4791569532118647679328534297
479156953211864767932853429
4791569532118647679328534
47915695321186476793285349
479156953211864767932853
47915695321186476793285
4791569532118647679328
479156953211864767932
47915695321186476793
4791569532118647679
47915695321186476
479156953211864769
4791569532118647693
47915695321186476932
4791569532118647693
479156953211864769
4791569532118647
479156953211864
47915695321186
4791569532118
479156953211
47915695321
479156953218
47915695321
4791569532
479156953
47915695
4791569
47915
4791
479
4
49
496
4961
49615
496157
4961571
49615715
496157152
4961571523
496157152
4961571529
496157153
4961571532
496157153
4961571539
49615715
496157159
4961571592
4961571593
496157159
4961571
496157
4961575
496157
49615
4961
49617
496175
4961751
49617515
496175152
4961751523
496175152
4961751529
496175153
4961751532
496175153
4961751539
49617515
496175159
4961751592
4961751593
496175159
4961751
496175
4961755
496175
49617
4961
496
49
5
57
574
5741
574
5749
57491
574916
5749161
57491619
574916192
5749161923
57491619235
574916192358
57491619235
5749161923
574916192
574916193
5749161932
57491619325
574916193258
57491619325
5749161932
574916193
57491619
574916
5749169
57491
5749
57
576
5761
576
5764
57641
5764
576
5769
57691
5769
57
579
5791
579
5794
57941
579416
5794161
57941619
579416192
5794161923
57941619235
579416192358
57941619235
5794161923
579416192
579416193
5794161932
57941619325
579416193258
57941619325
5794161932
579416193
57941619
579416
5794169
57941
5794
579
5
59
594
5941
59417
594176
5941761
594176
59417
5941
594
59
596
5961
59617
5961
596
5964
59641
596417
5964171
596417
59641
5964
59647
596471
5964711
596471
59647
5964
596
59
7
75
754
7541
754
7549
75491
754916
7549161
75491619
754916192
7549161923
75491619235
754916192358
75491619235
7549161923
754916192
754916193
7549161932
75491619325
754916193258
75491619325
7549161932
754916193
75491619
754916
7549169
75491
7549
75
756
7561
756
7564
75641
7564
756
7569
75691
7569
75
759
7591
759
7594
75941
759416
7594161
75941619
759416192
7594161923
75941619235
759416192358
75941619235
7594161923
759416192
759416193
7594161932
75941619325
759416193258
75941619325
7594161932
759416193
75941619
759416
7594169
75941
7594
759
7
79
794
7941
79415
794156
7941561
79415615
794156152
7941561523
794156152
7941561529
794156153
7941561532
794156153
7941561539
79415615
794156159
7941561592
7941561593
794156159
7941561
794156
7941565
794156
79415
7941
794
79
796
7961
79615
7961
796
7964
79641
796415
7964151
79641515
796415152
7964151523
796415152
7964151529
796415153
7964151532
796415153
7964151539
79641515
796415159
7964151592
7964151593
796415159
7964151
796415
7964155
796415
79641
7964
79645
796451
7964511
79645115
796451152
7964511523
796451152
7964511529
796451153
7964511532
796451153
7964511539
79645115
796451159
7964511592
7964511593
796451159
7964511
796451
7964515
796451
79645
7964
796
79
9
95
954
9541
95417
954176
9541761
954176
95417
9541
954
95
956
9561
95617
9561
956
9564
95641
956417
9564171
956417
95641
9564
95647
956471
9564711
956471
95647
9564
956
95
9
97
974
9741
97415
974156
9741561
97415615
974156152
9741561523
974156152
9741561529
974156153
9741561532
974156153
9741561539
97415615
974156159
9741561592
9741561593
974156159
9741561
974156
9741565
974156
97415
9741
974
97
976
9761
97615
9761
976
9764
97641
976415
9764151
97641515
976415152
9764151523
976415152
9764151529
976415153
9764151532
976415153
9764151539
97641515
976415159
9764151592
9764151593
976415159
9764151
976415
9764155
976415
97641
9764
97645
976451
9764511
97645115
976451152
9764511523
976451152
9764511529
976451153
9764511532
976451153
9764511539
97645115
976451159
9764511592
9764511593
976451159
9764511
976451
9764515
976451
97645
9764
976
97
9
